91 6C 02 00 20 00
08 00 00 10 E8 03 00 00
C7 16 0E 00 9A 00 00 00 00 00 00 00 19 00 00 00 
20 00 2C 06 80 00 2C 00 05 06 00 00 2C 00 38 00 
B9 2D 00 00 05 00 00 00 38 00 44 00 BA 2D 00 00 
05 00 00 00 44 00 50 00 BB 2D 00 00 05 00 00 00 
50 00 5C 00 BC 2D 00 00 05 00 00 00 5C 00 68 00 
BD 2D 00 00 05 00 00 00 68 00 74 00 BE 2D 00 00 
05 00 00 00 74 00 80 00 BF 2D 00 00 05 00 00 00 
80 00 8C 00 C0 2D 00 00 05 00 00 00 8C 00 98 00 
59 2E 00 00 0A 00 00 00 98 00 A4 00 5A 2E 00 00 
0A 00 00 00 A4 00 B0 00 5B 2E 00 00 0A 00 00 00 
B0 00 BC 00 5C 2E 00 00 0A 00 00 00 BC 00 C8 00 
5D 2E 00 00 0A 00 00 00 C8 00 D4 00 5E 2E 00 00 
0A 00 00 00 D4 00 E0 00 5F 2E 00 00 0A 00 00 00 
E0 00 EC 00 60 2E 00 00 0A 00 00 00 EC 00 F8 00 
29 2F 00 00 40 00 00 00 F8 00 04 01 2A 2F 00 00 
40 00 00 00 04 01 10 01 2B 2F 00 00 40 00 00 00 
10 01 1C 01 2C 2F 00 00 40 00 00 00 1C 01 28 01 
2D 2F 00 00 40 00 00 00 28 01 34 01 2E 2F 00 00 
40 00 00 00 34 01 40 01 2F 2F 00 00 40 00 00 00 
40 01 4C 01 30 2F 00 00 40 00 00 00 4C 01 58 01 
11 2E 00 00 07 00 00 00 58 01 64 01 12 2E 00 00 
07 00 00 00 64 01 70 01 13 2E 00 00 07 00 00 00 
70 01 7C 01 14 2E 00 00 07 00 00 00 7C 01 88 01 
15 2E 00 00 07 00 00 00 88 01 94 01 16 2E 00 00 
07 00 00 00 94 01 A0 01 17 2E 00 00 07 00 00 00 
A0 01 AC 01 18 2E 00 00 07 00 00 00 AC 01 B8 01 
A1 2E 00 00 0E 00 00 00 B8 01 C4 01 A2 2E 00 00 
0E 00 00 00 C4 01 D0 01 A3 2E 00 00 0E 00 00 00 
D0 01 DC 01 A4 2E 00 00 0E 00 00 00 DC 01 E8 01 
A5 2E 00 00 0E 00 00 00 E8 01 F4 01 A6 2E 00 00 
0E 00 00 00 F4 01 00 02 A7 2E 00 00 0E 00 00 00 
00 02 0C 02 A8 2E 00 00 0E 00 00 00 0C 02 18 02 
41 2F 00 00 54 00 00 00 18 02 24 02 42 2F 00 00 
54 00 00 00 24 02 30 02 43 2F 00 00 54 00 00 00 
30 02 3C 02 44 2F 00 00 54 00 00 00 3C 02 48 02 
45 2F 00 00 54 00 00 00 48 02 54 02 46 2F 00 00 
54 00 00 00 54 02 60 02 47 2F 00 00 54 00 00 00 
60 02 6C 02 48 2F 00 00 54 00 00 00 6C 02 78 02 
D9 2E 00 00 20 00 00 00 78 02 84 02 DA 2E 00 00 
20 00 00 00 84 02 90 02 DB 2E 00 00 20 00 00 00 
90 02 9C 02 DC 2E 00 00 20 00 00 00 9C 02 A8 02 
DD 2E 00 00 20 00 00 00 A8 02 B4 02 DE 2E 00 00 
20 00 00 00 B4 02 C0 02 DF 2E 00 00 20 00 00 00 
C0 02 CC 02 E0 2E 00 00 20 00 00 00 CC 02 D8 02 
11 2F 00 00 30 00 00 00 D8 02 E4 02 12 2F 00 00 
30 00 00 00 E4 02 F0 02 13 2F 00 00 30 00 00 00 
F0 02 FC 02 14 2F 00 00 30 00 00 00 FC 02 08 03 
15 2F 00 00 30 00 00 00 08 03 14 03 16 2F 00 00 
30 00 00 00 14 03 20 03 17 2F 00 00 30 00 00 00 
20 03 2C 03 18 2F 00 00 30 00 00 00 2C 03 38 03 
31 2F 00 00 5D 00 00 00 38 03 44 03 32 2F 00 00 
5D 00 00 00 44 03 50 03 33 2F 00 00 5D 00 00 00 
50 03 5C 03 34 2F 00 00 5D 00 00 00 5C 03 68 03 
35 2F 00 00 5D 00 00 00 68 03 74 03 36 2F 00 00 
5D 00 00 00 74 03 80 03 37 2F 00 00 5D 00 00 00 
80 03 8C 03 38 2F 00 00 5D 00 00 00 8C 03 98 03 
49 2F 00 00 79 00 00 00 98 03 A4 03 4A 2F 00 00 
79 00 00 00 A4 03 B0 03 4B 2F 00 00 79 00 00 00 
B0 03 BC 03 4C 2F 00 00 79 00 00 00 BC 03 C8 03 
4D 2F 00 00 79 00 00 00 C8 03 D4 03 4E 2F 00 00 
79 00 00 00 D4 03 E0 03 4F 2F 00 00 79 00 00 00 
E0 03 EC 03 50 2F 00 00 79 00 00 00 EC 03 F8 03 
C1 2D 00 00 07 00 00 00 F8 03 04 04 C2 2D 00 00 
07 00 00 00 04 04 10 04 C3 2D 00 00 07 00 00 00 
10 04 1C 04 C4 2D 00 00 07 00 00 00 1C 04 28 04 
C5 2D 00 00 07 00 00 00 28 04 34 04 C6 2D 00 00 
07 00 00 00 34 04 40 04 C7 2D 00 00 07 00 00 00 
40 04 4C 04 C8 2D 00 00 07 00 00 00 4C 04 58 04 
61 2E 00 00 0F 00 00 00 58 04 64 04 62 2E 00 00 
0F 00 00 00 64 04 70 04 63 2E 00 00 0F 00 00 00 
70 04 7C 04 64 2E 00 00 0F 00 00 00 7C 04 88 04 
65 2E 00 00 0F 00 00 00 88 04 94 04 66 2E 00 00 
0F 00 00 00 94 04 A0 04 67 2E 00 00 0F 00 00 00 
A0 04 AC 04 68 2E 00 00 0F 00 00 00 AC 04 B8 04 
19 2E 00 00 0A 00 00 00 B8 04 C4 04 1A 2E 00 00 
0A 00 00 00 C4 04 D0 04 1B 2E 00 00 0A 00 00 00 
D0 04 DC 04 1C 2E 00 00 0A 00 00 00 DC 04 E8 04 
1D 2E 00 00 0A 00 00 00 E8 04 F4 04 1E 2E 00 00 
0A 00 00 00 F4 04 00 05 1F 2E 00 00 0A 00 00 00 
00 05 0C 05 20 2E 00 00 0A 00 00 00 0C 05 18 05 
A9 2E 00 00 14 00 00 00 18 05 24 05 AA 2E 00 00 
14 00 00 00 24 05 30 05 AB 2E 00 00 14 00 00 00 
30 05 3C 05 AC 2E 00 00 14 00 00 00 3C 05 48 05 
AD 2E 00 00 14 00 00 00 48 05 54 05 AE 2E 00 00 
14 00 00 00 54 05 60 05 AF 2E 00 00 14 00 00 00 
60 05 6C 05 B0 2E 00 00 14 00 00 00 6C 05 78 05 
E1 2E 00 00 2E 00 00 00 78 05 84 05 E2 2E 00 00 
2E 00 00 00 84 05 90 05 E3 2E 00 00 2E 00 00 00 
90 05 9C 05 E4 2E 00 00 2E 00 00 00 9C 05 A8 05 
E5 2E 00 00 2E 00 00 00 A8 05 B4 05 E6 2E 00 00 
2E 00 00 00 B4 05 C0 05 E7 2E 00 00 2E 00 00 00 
C0 05 CC 05 E8 2E 00 00 2E 00 00 00 CC 05 D8 05 
19 2F 00 00 3C 00 00 00 D8 05 E4 05 1A 2F 00 00 
3C 00 00 00 E4 05 F0 05 1B 2F 00 00 3C 00 00 00 
F0 05 FC 05 1C 2F 00 00 3C 00 00 00 FC 05 08 06 
1D 2F 00 00 3C 00 00 00 08 06 14 06 1E 2F 00 00 
3C 00 00 00 14 06 20 06 1F 2F 00 00 3C 00 00 00 
20 06 00 00 20 2F 00 00 3C 00 00 00 2C 06 00 00 
90 00 38 06 06 06 00 00 38 06 44 06 1F 42 00 00 
02 00 00 00 44 06 50 06 20 42 00 00 01 00 00 00 
50 06 5C 06 21 42 00 00 01 00 00 00 5C 06 68 06 
22 42 00 00 02 00 00 00 68 06 74 06 23 42 00 00 
01 00 00 00 74 06 80 06 24 42 00 00 01 00 00 00 
80 06 8C 06 25 42 00 00 02 00 00 00 8C 06 98 06 
26 42 00 00 01 00 00 00 98 06 A4 06 27 42 00 00 
01 00 00 00 A4 06 B0 06 D3 42 00 00 04 00 00 00 
B0 06 BC 06 D4 42 00 00 03 00 00 00 BC 06 C8 06 
D5 42 00 00 03 00 00 00 C8 06 D4 06 D6 42 00 00 
04 00 00 00 D4 06 E0 06 D7 42 00 00 03 00 00 00 
E0 06 EC 06 D8 42 00 00 03 00 00 00 EC 06 F8 06 
D9 42 00 00 04 00 00 00 F8 06 04 07 DA 42 00 00 
03 00 00 00 04 07 10 07 DB 42 00 00 03 00 00 00 
10 07 1C 07 BD 43 00 00 19 00 00 00 1C 07 28 07 
BE 43 00 00 13 00 00 00 28 07 34 07 BF 43 00 00 
13 00 00 00 34 07 40 07 C0 43 00 00 19 00 00 00 
40 07 4C 07 C1 43 00 00 13 00 00 00 4C 07 58 07 
C2 43 00 00 13 00 00 00 58 07 64 07 C3 43 00 00 
19 00 00 00 64 07 70 07 C4 43 00 00 13 00 00 00 
70 07 7C 07 C5 43 00 00 13 00 00 00 7C 07 88 07 
82 42 00 00 02 00 00 00 88 07 94 07 83 42 00 00 
02 00 00 00 94 07 A0 07 84 42 00 00 02 00 00 00 
A0 07 AC 07 85 42 00 00 02 00 00 00 AC 07 B8 07 
86 42 00 00 02 00 00 00 B8 07 C4 07 87 42 00 00 
02 00 00 00 C4 07 D0 07 88 42 00 00 02 00 00 00 
D0 07 DC 07 89 42 00 00 02 00 00 00 DC 07 E8 07 
8A 42 00 00 02 00 00 00 E8 07 F4 07 24 43 00 00 
05 00 00 00 F4 07 00 08 25 43 00 00 04 00 00 00 
00 08 0C 08 26 43 00 00 04 00 00 00 0C 08 18 08 
27 43 00 00 05 00 00 00 18 08 24 08 28 43 00 00 
04 00 00 00 24 08 30 08 29 43 00 00 04 00 00 00 
30 08 3C 08 2A 43 00 00 05 00 00 00 3C 08 48 08 
2B 43 00 00 04 00 00 00 48 08 54 08 2C 43 00 00 
04 00 00 00 54 08 60 08 D8 43 00 00 21 00 00 00 
60 08 6C 08 D9 43 00 00 19 00 00 00 6C 08 78 08 
DA 43 00 00 19 00 00 00 78 08 84 08 DB 43 00 00 
21 00 00 00 84 08 90 08 DC 43 00 00 19 00 00 00 
90 08 9C 08 DD 43 00 00 19 00 00 00 9C 08 A8 08 
DE 43 00 00 21 00 00 00 A8 08 B4 08 DF 43 00 00 
19 00 00 00 B4 08 C0 08 E0 43 00 00 19 00 00 00 
C0 08 CC 08 63 43 00 00 0C 00 00 00 CC 08 D8 08 
64 43 00 00 09 00 00 00 D8 08 E4 08 65 43 00 00 
09 00 00 00 E4 08 F0 08 66 43 00 00 0C 00 00 00 
F0 08 FC 08 67 43 00 00 09 00 00 00 FC 08 08 09 
68 43 00 00 09 00 00 00 08 09 14 09 69 43 00 00 
0C 00 00 00 14 09 20 09 6A 43 00 00 09 00 00 00 
20 09 2C 09 6B 43 00 00 09 00 00 00 2C 09 38 09 
A2 43 00 00 13 00 00 00 38 09 44 09 A3 43 00 00 
0E 00 00 00 44 09 50 09 A4 43 00 00 0E 00 00 00 
50 09 5C 09 A5 43 00 00 13 00 00 00 5C 09 68 09 
A6 43 00 00 0E 00 00 00 68 09 74 09 A7 43 00 00 
0E 00 00 00 74 09 80 09 A8 43 00 00 13 00 00 00 
80 09 8C 09 A9 43 00 00 0E 00 00 00 8C 09 98 09 
AA 43 00 00 0E 00 00 00 98 09 A4 09 C6 43 00 00 
25 00 00 00 A4 09 B0 09 C7 43 00 00 1C 00 00 00 
B0 09 BC 09 C8 43 00 00 1C 00 00 00 BC 09 C8 09 
C9 43 00 00 25 00 00 00 C8 09 D4 09 CA 43 00 00 
1C 00 00 00 D4 09 E0 09 CB 43 00 00 1C 00 00 00 
E0 09 EC 09 CC 43 00 00 25 00 00 00 EC 09 F8 09 
CD 43 00 00 1C 00 00 00 F8 09 04 0A CE 43 00 00 
1C 00 00 00 04 0A 10 0A E1 43 00 00 30 00 00 00 
10 0A 1C 0A E2 43 00 00 24 00 00 00 1C 0A 28 0A 
E3 43 00 00 24 00 00 00 28 0A 34 0A E4 43 00 00 
30 00 00 00 34 0A 40 0A E5 43 00 00 24 00 00 00 
40 0A 4C 0A E6 43 00 00 24 00 00 00 4C 0A 58 0A 
E7 43 00 00 30 00 00 00 58 0A 64 0A E8 43 00 00 
24 00 00 00 64 0A 70 0A E9 43 00 00 24 00 00 00 
70 0A 7C 0A 28 42 00 00 03 00 00 00 7C 0A 88 0A 
29 42 00 00 02 00 00 00 88 0A 94 0A 2A 42 00 00 
02 00 00 00 94 0A A0 0A 2B 42 00 00 03 00 00 00 
A0 0A AC 0A 2C 42 00 00 02 00 00 00 AC 0A B8 0A 
2D 42 00 00 02 00 00 00 B8 0A C4 0A 2E 42 00 00 
03 00 00 00 C4 0A D0 0A 2F 42 00 00 02 00 00 00 
D0 0A DC 0A 30 42 00 00 02 00 00 00 DC 0A E8 0A 
DC 42 00 00 06 00 00 00 E8 0A F4 0A DD 42 00 00 
04 00 00 00 F4 0A 00 0B DE 42 00 00 04 00 00 00 
00 0B 0C 0B DF 42 00 00 06 00 00 00 0C 0B 18 0B 
E0 42 00 00 04 00 00 00 18 0B 24 0B E1 42 00 00 
04 00 00 00 24 0B 30 0B E2 42 00 00 06 00 00 00 
30 0B 3C 0B E3 42 00 00 04 00 00 00 3C 0B 48 0B 
E4 42 00 00 04 00 00 00 48 0B 54 0B 8B 42 00 00 
04 00 00 00 54 0B 60 0B 8C 42 00 00 03 00 00 00 
60 0B 6C 0B 8D 42 00 00 03 00 00 00 6C 0B 78 0B 
8E 42 00 00 04 00 00 00 78 0B 84 0B 8F 42 00 00 
03 00 00 00 84 0B 90 0B 90 42 00 00 03 00 00 00 
90 0B 9C 0B 91 42 00 00 04 00 00 00 9C 0B A8 0B 
92 42 00 00 03 00 00 00 A8 0B B4 0B 93 42 00 00 
03 00 00 00 B4 0B C0 0B 2D 43 00 00 08 00 00 00 
C0 0B CC 0B 2E 43 00 00 06 00 00 00 CC 0B D8 0B 
2F 43 00 00 06 00 00 00 D8 0B E4 0B 30 43 00 00 
08 00 00 00 E4 0B F0 0B 31 43 00 00 06 00 00 00 
F0 0B FC 0B 32 43 00 00 06 00 00 00 FC 0B 08 0C 
33 43 00 00 08 00 00 00 08 0C 14 0C 34 43 00 00 
06 00 00 00 14 0C 20 0C 35 43 00 00 06 00 00 00 
20 0C 2C 0C 6C 43 00 00 12 00 00 00 2C 0C 38 0C 
6D 43 00 00 0E 00 00 00 38 0C 44 0C 6E 43 00 00 
0E 00 00 00 44 0C 50 0C 6F 43 00 00 12 00 00 00 
50 0C 5C 0C 70 43 00 00 0E 00 00 00 5C 0C 68 0C 
71 43 00 00 0E 00 00 00 68 0C 74 0C 72 43 00 00 
12 00 00 00 74 0C 80 0C 73 43 00 00 0E 00 00 00 
80 0C 8C 0C 74 43 00 00 0E 00 00 00 8C 0C 98 0C 
AB 43 00 00 18 00 00 00 98 0C A4 0C AC 43 00 00 
12 00 00 00 A4 0C B0 0C AD 43 00 00 12 00 00 00 
B0 0C BC 0C AE 43 00 00 18 00 00 00 BC 0C C8 0C 
AF 43 00 00 12 00 00 00 C8 0C D4 0C B0 43 00 00 
12 00 00 00 D4 0C E0 0C B1 43 00 00 18 00 00 00 
E0 0C EC 0C B2 43 00 00 12 00 00 00 EC 0C 00 00 
B3 43 00 00 12 00 00 00 00